              precision    recall  f1-score   support

           0      1.000     0.617     0.763        60
           1      0.913     0.982     0.946       720
           2      0.943     0.963     0.953       750
           3      0.933     0.873     0.902       450
           4      0.972     0.962     0.967       660
           5      0.907     0.978     0.941       630
           6      0.927     0.847     0.885       150
           7      0.965     0.973     0.969       450
           8      0.977     0.938     0.957       450
           9      0.971     0.971     0.971       480
          10      1.000     0.994     0.997       660
          11      0.952     0.902     0.927       420
          12      0.950     0.991     0.970       690
          13      0.996     0.996     0.996       720
          14      1.000     0.922     0.960       270
          15      0.968     1.000     0.984       210
          16      1.000     1.000     1.000       150
          17      0.961     0.892     0.925       360
          18      0.983     0.895     0.937       390
          19      0.769     1.000     0.870        60
          20      0.917     0.978     0.946        90
          21      0.841     0.767     0.802        90
          22      1.000     0.742     0.852       120
          23      0.934     0.940     0.937       150
          24      0.977     0.933     0.955        90
          25      0.877     0.981     0.926       480
          26      0.988     0.944     0.966       180
          27      0.964     0.450     0.614        60
          28      0.633     1.000     0.775       150
          29      0.848     0.867     0.857        90
          30      0.745     0.760     0.752       150
          31      1.000     0.974     0.987       270
          32      0.968     1.000     0.984        60
          33      0.986     0.981     0.983       210
          34      0.896     1.000     0.945       120
          35      0.995     0.959     0.977       390
          36      1.000     1.000     1.000       120
          37      0.981     0.883     0.930        60
          38      0.994     0.945     0.969       690
          39      0.864     0.989     0.922        90
          40      1.000     0.867     0.929        90
          41      0.839     0.867     0.852        60
          42      1.000     0.889     0.941        90

    accuracy                          0.947     12630
   macro avg      0.938     0.917     0.921     12630
weighted avg      0.951     0.947     0.947     12630
