              precision    recall  f1-score   support

           0      0.914     0.533     0.674        60
           1      0.923     0.818     0.867       720
           2      0.775     0.893     0.830       750
           3      0.890     0.860     0.875       450
           4      0.893     0.927     0.910       660
           5      0.841     0.876     0.858       630
           6      0.972     0.927     0.949       150
           7      0.952     0.920     0.936       450
           8      0.850     0.891     0.870       450
           9      0.962     0.956     0.959       480
          10      0.988     0.998     0.993       660
          11      0.932     0.945     0.939       420
          12      0.994     0.987     0.991       690
          13      0.986     0.997     0.992       720
          14      0.996     0.948     0.972       270
          15      0.990     0.981     0.986       210
          16      1.000     0.980     0.990       150
          17      0.994     0.981     0.987       360
          18      0.988     0.851     0.915       390
          19      0.603     0.583     0.593        60
          20      0.719     0.911     0.804        90
          21      0.836     0.567     0.675        90
          22      0.978     0.742     0.844       120
          23      0.843     0.713     0.773       150
          24      0.930     0.889     0.909        90
          25      0.817     0.960     0.883       480
          26      0.829     0.967     0.892       180
          27      0.821     0.533     0.646        60
          28      0.812     0.867     0.839       150
          29      0.716     0.756     0.735        90
          30      0.730     0.487     0.584       150
          31      0.818     0.967     0.886       270
          32      0.983     0.983     0.983        60
          33      0.905     0.857     0.880       210
          34      0.780     0.917     0.843       120
          35      0.911     0.897     0.904       390
          36      0.805     1.000     0.892       120
          37      0.897     0.583     0.707        60
          38      0.987     0.972     0.980       690
          39      0.894     0.844     0.869        90
          40      0.822     0.922     0.869        90
          41      0.510     0.417     0.459        60
          42      0.900     0.700     0.787        90

    accuracy                          0.904     12630
   macro avg      0.877     0.844     0.854     12630
weighted avg      0.907     0.904     0.903     12630
