              precision    recall  f1-score   support

           0      0.949     0.617     0.747        60
           1      0.914     0.974     0.943       720
           2      0.931     0.941     0.936       750
           3      0.881     0.904     0.893       450
           4      0.966     0.948     0.957       660
           5      0.781     0.924     0.847       630
           6      0.890     0.920     0.905       150
           7      0.938     0.813     0.871       450
           8      0.913     0.867     0.889       450
           9      0.955     0.963     0.959       480
          10      0.997     0.941     0.968       660
          11      0.942     0.929     0.935       420
          12      1.000     0.959     0.979       690
          13      0.994     0.994     0.994       720
          14      0.996     0.922     0.958       270
          15      0.912     0.986     0.947       210
          16      0.974     1.000     0.987       150
          17      0.959     0.967     0.963       360
          18      0.909     0.869     0.889       390
          19      0.848     0.933     0.889        60
          20      0.695     0.989     0.817        90
          21      0.986     0.767     0.863        90
          22      0.899     0.817     0.856       120
          23      0.853     0.967     0.906       150
          24      0.922     0.922     0.922        90
          25      0.961     0.867     0.911       480
          26      0.806     0.856     0.830       180
          27      0.608     0.983     0.752        60
          28      0.903     0.933     0.918       150
          29      0.882     1.000     0.938        90
          30      0.757     0.687     0.720       150
          31      1.000     0.952     0.975       270
          32      0.848     0.933     0.889        60
          33      1.000     0.971     0.986       210
          34      0.922     0.992     0.956       120
          35      0.986     0.923     0.954       390
          36      0.952     0.983     0.967       120
          37      0.923     1.000     0.960        60
          38      0.950     0.942     0.946       690
          39      0.923     0.800     0.857        90
          40      0.605     0.867     0.712        90
          41      0.848     0.650     0.736        60
          42      0.973     0.811     0.885        90

    accuracy                          0.925     12630
   macro avg      0.904     0.907     0.900     12630
weighted avg      0.930     0.925     0.926     12630
