              precision    recall  f1-score   support

           0      0.955     0.700     0.808        60
           1      0.803     0.932     0.862       720
           2      0.870     0.805     0.837       750
           3      0.842     0.733     0.784       450
           4      0.888     0.909     0.898       660
           5      0.798     0.827     0.812       630
           6      0.946     0.940     0.943       150
           7      0.900     0.938     0.918       450
           8      0.825     0.847     0.836       450
           9      0.926     0.935     0.931       480
          10      0.941     0.992     0.966       660
          11      0.853     0.955     0.901       420
          12      0.996     0.997     0.996       690
          13      0.981     0.996     0.988       720
          14      0.992     0.885     0.935       270
          15      0.991     0.995     0.993       210
          16      0.977     0.860     0.915       150
          17      0.974     0.950     0.962       360
          18      0.989     0.895     0.939       390
          19      0.535     0.633     0.580        60
          20      0.778     0.544     0.641        90
          21      0.956     0.478     0.637        90
          22      0.957     0.742     0.836       120
          23      0.646     0.813     0.720       150
          24      0.865     0.711     0.780        90
          25      0.858     0.919     0.887       480
          26      0.899     0.944     0.921       180
          27      0.615     0.533     0.571        60
          28      0.694     0.860     0.768       150
          29      0.743     0.611     0.671        90
          30      0.840     0.527     0.648       150
          31      0.843     0.956     0.896       270
          32      0.983     0.983     0.983        60
          33      0.882     0.924     0.902       210
          34      0.852     0.867     0.860       120
          35      0.924     0.908     0.916       390
          36      0.829     0.967     0.892       120
          37      0.774     0.800     0.787        60
          38      0.985     0.970     0.977       690
          39      0.983     0.644     0.779        90
          40      0.796     0.911     0.850        90
          41      0.743     0.433     0.547        60
          42      0.901     0.811     0.854        90

    accuracy                          0.890     12630
   macro avg      0.868     0.827     0.840     12630
weighted avg      0.893     0.890     0.888     12630
