              precision    recall  f1-score   support

           0      0.808     0.983     0.887        60
           1      0.929     0.968     0.948       720
           2      0.888     0.937     0.912       750
           3      0.970     0.709     0.819       450
           4      0.971     0.855     0.909       660
           5      0.721     0.954     0.822       630
           6      0.919     0.760     0.832       150
           7      0.966     0.756     0.848       450
           8      0.956     0.871     0.912       450
           9      0.936     0.908     0.922       480
          10      0.899     0.994     0.944       660
          11      0.957     0.962     0.960       420
          12      0.988     0.990     0.989       690
          13      0.984     0.996     0.990       720
          14      0.992     0.870     0.927       270
          15      0.995     0.933     0.963       210
          16      0.973     0.960     0.966       150
          17      0.950     0.903     0.926       360
          18      0.888     0.815     0.850       390
          19      0.833     0.500     0.625        60
          20      0.838     0.744     0.788        90
          21      0.821     0.967     0.888        90
          22      0.836     0.767     0.800       120
          23      0.892     0.773     0.829       150
          24      0.974     0.822     0.892        90
          25      0.758     0.954     0.845       480
          26      0.741     0.922     0.822       180
          27      0.756     0.567     0.648        60
          28      0.677     0.993     0.805       150
          29      0.755     0.822     0.787        90
          30      0.781     0.760     0.770       150
          31      0.928     0.863     0.894       270
          32      0.690     1.000     0.816        60
          33      0.981     0.976     0.979       210
          34      0.895     0.992     0.941       120
          35      0.981     0.941     0.961       390
          36      0.967     0.983     0.975       120
          37      0.632     1.000     0.774        60
          38      0.995     0.928     0.960       690
          39      0.984     0.667     0.795        90
          40      0.969     0.700     0.813        90
          41      0.922     0.783     0.847        60
          42      0.850     0.944     0.895        90

    accuracy                          0.904     12630
   macro avg      0.887     0.872     0.871     12630
weighted avg      0.914     0.904     0.904     12630
