              precision    recall  f1-score   support

           0      0.789     0.500     0.612        60
           1      0.860     0.864     0.862       720
           2      0.734     0.933     0.822       750
           3      0.892     0.769     0.826       450
           4      0.894     0.908     0.901       660
           5      0.869     0.719     0.787       630
           6      0.922     0.940     0.931       150
           7      0.929     0.931     0.930       450
           8      0.818     0.889     0.852       450
           9      0.958     0.946     0.952       480
          10      0.979     0.991     0.985       660
          11      0.867     0.950     0.907       420
          12      0.999     0.990     0.994       690
          13      0.976     0.996     0.986       720
          14      0.992     0.893     0.940       270
          15      0.991     1.000     0.995       210
          16      1.000     0.947     0.973       150
          17      0.974     0.922     0.947       360
          18      0.959     0.723     0.825       390
          19      0.559     0.317     0.404        60
          20      0.768     0.589     0.667        90
          21      0.843     0.478     0.610        90
          22      0.880     0.733     0.800       120
          23      0.709     0.827     0.763       150
          24      0.929     0.722     0.812        90
          25      0.843     0.940     0.889       480
          26      0.687     0.878     0.771       180
          27      0.416     0.783     0.543        60
          28      0.638     0.847     0.728       150
          29      0.933     0.778     0.848        90
          30      1.000     0.287     0.446       150
          31      0.773     0.948     0.852       270
          32      0.937     0.983     0.959        60
          33      0.859     0.900     0.879       210
          34      0.820     0.833     0.826       120
          35      0.930     0.926     0.928       390
          36      0.823     0.967     0.889       120
          37      0.825     0.783     0.803        60
          38      0.979     0.961     0.970       690
          39      0.957     0.744     0.838        90
          40      0.775     0.878     0.823        90
          41      0.400     0.333     0.364        60
          42      0.760     0.633     0.691        90

    accuracy                          0.881     12630
   macro avg      0.848     0.811     0.817     12630
weighted avg      0.889     0.881     0.879     12630
