              precision    recall  f1-score   support

           0      1.000     0.800     0.889        60
           1      0.925     0.981     0.952       720
           2      0.961     0.955     0.958       750
           3      0.882     0.927     0.904       450
           4      0.961     0.976     0.968       660
           5      0.919     0.906     0.913       630
           6      1.000     0.933     0.966       150
           7      0.925     0.931     0.928       450
           8      0.866     0.873     0.869       450
           9      0.933     0.981     0.956       480
          10      0.980     0.988     0.984       660
          11      0.956     0.976     0.966       420
          12      1.000     0.967     0.983       690
          13      0.980     0.997     0.988       720
          14      1.000     0.944     0.971       270
          15      0.971     0.962     0.967       210
          16      0.987     0.993     0.990       150
          17      0.983     0.956     0.969       360
          18      0.893     0.946     0.919       390
          19      0.822     1.000     0.902        60
          20      0.944     0.933     0.939        90
          21      0.987     0.822     0.897        90
          22      1.000     0.833     0.909       120
          23      0.893     0.947     0.919       150
          24      0.779     0.978     0.867        90
          25      0.946     0.921     0.933       480
          26      0.951     0.961     0.956       180
          27      0.753     0.917     0.827        60
          28      0.749     0.933     0.831       150
          29      0.938     0.833     0.882        90
          30      0.964     0.540     0.692       150
          31      0.961     1.000     0.980       270
          32      0.984     1.000     0.992        60
          33      0.954     0.986     0.970       210
          34      0.992     1.000     0.996       120
          35      0.974     0.956     0.965       390
          36      0.922     0.992     0.956       120
          37      0.981     0.883     0.930        60
          38      1.000     0.967     0.983       690
          39      1.000     0.889     0.941        90
          40      0.908     0.878     0.893        90
          41      0.898     0.733     0.807        60
          42      0.947     0.800     0.867        90

    accuracy                          0.946     12630
   macro avg      0.939     0.923     0.927     12630
weighted avg      0.948     0.946     0.946     12630
