              precision    recall  f1-score   support

           0      0.917     0.367     0.524        60
           1      0.852     0.669     0.750       720
           2      0.640     0.947     0.764       750
           3      0.827     0.678     0.745       450
           4      0.964     0.888     0.924       660
           5      0.800     0.722     0.759       630
           6      0.884     0.967     0.924       150
           7      0.864     0.864     0.864       450
           8      0.755     0.858     0.803       450
           9      0.930     0.940     0.935       480
          10      0.968     0.994     0.981       660
          11      0.902     0.898     0.900       420
          12      0.994     0.988     0.991       690
          13      0.961     0.999     0.980       720
          14      0.984     0.904     0.942       270
          15      0.990     0.986     0.988       210
          16      1.000     0.960     0.980       150
          17      0.979     0.922     0.950       360
          18      0.947     0.823     0.881       390
          19      0.800     0.600     0.686        60
          20      0.728     0.833     0.777        90
          21      0.941     0.533     0.681        90
          22      0.945     0.717     0.815       120
          23      0.639     0.767     0.697       150
          24      0.967     0.656     0.781        90
          25      0.897     0.927     0.912       480
          26      0.785     0.911     0.843       180
          27      0.624     0.883     0.731        60
          28      0.572     0.900     0.699       150
          29      0.765     0.722     0.743        90
          30      0.753     0.387     0.511       150
          31      0.832     0.952     0.888       270
          32      1.000     0.967     0.983        60
          33      0.902     0.919     0.910       210
          34      0.922     0.992     0.956       120
          35      0.932     0.954     0.943       390
          36      0.839     1.000     0.913       120
          37      0.979     0.783     0.870        60
          38      0.998     0.959     0.979       690
          39      0.960     0.800     0.873        90
          40      0.820     0.911     0.863        90
          41      0.667     0.367     0.473        60
          42      0.882     0.744     0.807        90

    accuracy                          0.873     12630
   macro avg      0.868     0.827     0.835     12630
weighted avg      0.883     0.873     0.871     12630
