              precision    recall  f1-score   support

           0      0.571     0.467     0.514        60
           1      0.830     0.858     0.844       720
           2      0.750     0.871     0.806       750
           3      0.836     0.771     0.802       450
           4      0.938     0.897     0.917       660
           5      0.817     0.773     0.794       630
           6      0.942     0.973     0.957       150
           7      0.883     0.902     0.892       450
           8      0.843     0.824     0.834       450
           9      0.910     0.931     0.921       480
          10      0.970     0.991     0.981       660
          11      0.847     0.871     0.859       420
          12      0.990     0.993     0.991       690
          13      0.974     0.997     0.986       720
          14      1.000     0.907     0.951       270
          15      0.995     0.990     0.993       210
          16      1.000     0.947     0.973       150
          17      0.968     0.925     0.946       360
          18      0.894     0.826     0.859       390
          19      0.545     0.400     0.462        60
          20      0.867     0.578     0.693        90
          21      0.807     0.511     0.626        90
          22      0.815     0.733     0.772       120
          23      0.559     0.667     0.608       150
          24      0.934     0.789     0.855        90
          25      0.818     0.929     0.870       480
          26      0.804     0.889     0.844       180
          27      0.667     0.533     0.593        60
          28      0.637     0.853     0.729       150
          29      0.921     0.644     0.758        90
          30      0.698     0.400     0.508       150
          31      0.777     0.930     0.847       270
          32      0.952     1.000     0.976        60
          33      0.849     0.886     0.867       210
          34      0.750     0.850     0.797       120
          35      0.904     0.921     0.912       390
          36      0.731     0.792     0.760       120
          37      0.880     0.733     0.800        60
          38      0.978     0.958     0.968       690
          39      0.953     0.678     0.792        90
          40      0.735     0.833     0.781        90
          41      0.161     0.150     0.155        60
          42      0.700     0.467     0.560        90

    accuracy                          0.869     12630
   macro avg      0.823     0.787     0.799     12630
weighted avg      0.871     0.869     0.867     12630
