              precision    recall  f1-score   support

           0      1.000     0.950     0.974        60
           1      0.923     0.969     0.946       720
           2      0.986     0.937     0.961       750
           3      0.876     0.958     0.915       450
           4      0.949     0.959     0.954       660
           5      0.903     0.902     0.902       630
           6      0.962     0.833     0.893       150
           7      0.894     0.973     0.932       450
           8      0.948     0.896     0.921       450
           9      0.962     0.996     0.979       480
          10      0.997     0.974     0.985       660
          11      0.904     0.938     0.921       420
          12      0.983     0.981     0.982       690
          13      0.977     0.996     0.986       720
          14      0.923     0.933     0.928       270
          15      0.985     0.962     0.973       210
          16      0.993     0.993     0.993       150
          17      0.977     0.839     0.903       360
          18      0.975     0.885     0.927       390
          19      0.844     0.900     0.871        60
          20      0.738     0.878     0.802        90
          21      0.798     0.789     0.793        90
          22      1.000     0.742     0.852       120
          23      0.741     0.973     0.841       150
          24      0.786     0.978     0.871        90
          25      0.891     0.935     0.913       480
          26      0.929     0.878     0.903       180
          27      0.529     0.617     0.569        60
          28      0.670     0.867     0.756       150
          29      0.786     0.978     0.871        90
          30      0.895     0.567     0.694       150
          31      0.984     0.919     0.950       270
          32      0.789     1.000     0.882        60
          33      0.899     0.971     0.934       210
          34      0.896     1.000     0.945       120
          35      0.997     0.962     0.979       390
          36      0.915     0.992     0.952       120
          37      0.933     0.933     0.933        60
          38      0.998     0.932     0.964       690
          39      0.985     0.711     0.826        90
          40      0.949     0.822     0.881        90
          41      0.964     0.900     0.931        60
          42      0.910     0.789     0.845        90

    accuracy                          0.932     12630
   macro avg      0.906     0.905     0.901     12630
weighted avg      0.937     0.932     0.933     12630
