              precision    recall  f1-score   support

           0      0.780     0.533     0.634        60
           1      0.855     0.871     0.863       720
           2      0.786     0.879     0.830       750
           3      0.844     0.784     0.813       450
           4      0.949     0.906     0.927       660
           5      0.811     0.789     0.800       630
           6      0.968     0.993     0.980       150
           7      0.902     0.916     0.908       450
           8      0.805     0.851     0.827       450
           9      0.967     0.919     0.942       480
          10      0.966     0.988     0.977       660
          11      0.852     0.933     0.891       420
          12      0.993     0.996     0.994       690
          13      0.979     0.994     0.987       720
          14      0.992     0.907     0.948       270
          15      1.000     0.995     0.998       210
          16      1.000     0.953     0.976       150
          17      0.982     0.931     0.956       360
          18      0.945     0.874     0.908       390
          19      0.472     0.417     0.442        60
          20      0.816     0.444     0.576        90
          21      0.772     0.489     0.599        90
          22      0.864     0.742     0.798       120
          23      0.578     0.667     0.619       150
          24      0.938     0.833     0.882        90
          25      0.818     0.948     0.878       480
          26      0.844     0.872     0.858       180
          27      0.686     0.583     0.631        60
          28      0.665     0.820     0.734       150
          29      0.738     0.656     0.694        90
          30      0.747     0.393     0.515       150
          31      0.808     0.948     0.872       270
          32      0.967     0.983     0.975        60
          33      0.873     0.914     0.893       210
          34      0.818     0.900     0.857       120
          35      0.929     0.933     0.931       390
          36      0.854     0.925     0.888       120
          37      0.852     0.767     0.807        60
          38      0.981     0.971     0.976       690
          39      0.947     0.789     0.861        90
          40      0.773     0.833     0.802        90
          41      0.367     0.300     0.330        60
          42      0.667     0.689     0.678        90

    accuracy                          0.884     12630
   macro avg      0.841     0.810     0.820     12630
weighted avg      0.885     0.884     0.882     12630
