              precision    recall  f1-score   support

           0      0.842     0.533     0.653        60
           1      0.788     0.925     0.851       720
           2      0.839     0.881     0.860       750
           3      0.910     0.784     0.842       450
           4      0.891     0.742     0.810       660
           5      0.805     0.851     0.827       630
           6      0.764     0.820     0.791       150
           7      0.775     0.798     0.786       450
           8      0.974     0.580     0.727       450
           9      0.962     0.796     0.871       480
          10      0.965     0.871     0.916       660
          11      0.797     0.952     0.868       420
          12      0.994     0.978     0.986       690
          13      0.924     0.993     0.957       720
          14      0.793     0.893     0.840       270
          15      0.921     0.938     0.929       210
          16      0.967     0.787     0.868       150
          17      0.968     0.839     0.899       360
          18      0.878     0.718     0.790       390
          19      0.641     0.417     0.505        60
          20      0.500     0.956     0.656        90
          21      0.540     0.744     0.626        90
          22      1.000     0.792     0.884       120
          23      0.843     0.713     0.773       150
          24      0.863     0.767     0.812        90
          25      0.949     0.846     0.894       480
          26      0.638     0.783     0.703       180
          27      0.366     0.617     0.460        60
          28      0.608     0.900     0.726       150
          29      0.800     0.800     0.800        90
          30      0.546     0.393     0.457       150
          31      0.955     0.707     0.813       270
          32      0.424     0.983     0.593        60
          33      0.655     0.995     0.790       210
          34      0.723     1.000     0.839       120
          35      0.884     0.977     0.928       390
          36      0.430     1.000     0.602       120
          37      1.000     0.567     0.723        60
          38      0.958     0.862     0.908       690
          39      0.617     0.556     0.585        90
          40      0.914     0.822     0.865        90
          41      0.732     0.500     0.594        60
          42      0.733     0.367     0.489        90

    accuracy                          0.836     12630
   macro avg      0.792     0.785     0.770     12630
weighted avg      0.859     0.836     0.838     12630
