              precision    recall  f1-score   support

           0      0.929     0.867     0.897        60
           1      0.937     0.983     0.959       720
           2      0.963     0.936     0.949       750
           3      0.927     0.904     0.916       450
           4      0.965     0.955     0.960       660
           5      0.881     0.925     0.902       630
           6      0.958     0.613     0.748       150
           7      0.921     0.984     0.952       450
           8      0.927     0.904     0.916       450
           9      0.973     0.969     0.971       480
          10      0.920     0.994     0.956       660
          11      0.975     0.912     0.942       420
          12      0.977     0.977     0.977       690
          13      0.965     0.996     0.980       720
          14      0.980     0.904     0.940       270
          15      0.969     0.900     0.933       210
          16      0.980     0.987     0.983       150
          17      0.963     0.939     0.951       360
          18      0.953     0.723     0.822       390
          19      0.714     0.917     0.803        60
          20      0.651     0.933     0.767        90
          21      0.777     0.811     0.793        90
          22      0.989     0.767     0.864       120
          23      0.948     0.967     0.957       150
          24      0.936     0.811     0.869        90
          25      0.820     0.975     0.891       480
          26      0.785     0.933     0.853       180
          27      0.519     0.467     0.491        60
          28      0.742     0.940     0.829       150
          29      0.739     0.944     0.829        90
          30      0.858     0.687     0.763       150
          31      0.996     0.826     0.903       270
          32      0.683     0.683     0.683        60
          33      0.827     1.000     0.905       210
          34      0.959     0.967     0.963       120
          35      0.981     0.951     0.966       390
          36      0.928     0.967     0.947       120
          37      0.984     1.000     0.992        60
          38      0.992     0.951     0.971       690
          39      1.000     0.656     0.792        90
          40      0.929     0.867     0.897        90
          41      0.971     0.567     0.716        60
          42      0.736     0.900     0.810        90

    accuracy                          0.925     12630
   macro avg      0.896     0.880     0.882     12630
weighted avg      0.930     0.925     0.924     12630
