              precision    recall  f1-score   support

           0      0.939     0.767     0.844        60
           1      0.923     0.956     0.939       720
           2      0.880     0.917     0.898       750
           3      0.903     0.933     0.918       450
           4      0.992     0.892     0.939       660
           5      0.865     0.892     0.878       630
           6      0.927     0.847     0.885       150
           7      0.853     0.967     0.906       450
           8      0.845     0.896     0.869       450
           9      0.952     0.781     0.858       480
          10      0.830     0.985     0.901       660
          11      0.922     0.988     0.954       420
          12      0.999     0.972     0.985       690
          13      0.955     0.996     0.975       720
          14      0.954     0.926     0.940       270
          15      0.963     0.990     0.977       210
          16      1.000     0.640     0.780       150
          17      1.000     0.858     0.924       360
          18      0.968     0.918     0.942       390
          19      0.536     1.000     0.698        60
          20      0.904     0.944     0.924        90
          21      0.907     0.544     0.681        90
          22      0.969     0.792     0.872       120
          23      0.800     0.960     0.873       150
          24      1.000     0.933     0.966        90
          25      0.933     0.952     0.942       480
          26      0.874     0.967     0.918       180
          27      0.806     0.900     0.850        60
          28      0.861     0.907     0.883       150
          29      0.754     0.956     0.843        90
          30      0.962     0.340     0.502       150
          31      1.000     0.970     0.985       270
          32      0.952     1.000     0.976        60
          33      0.907     0.976     0.940       210
          34      0.839     1.000     0.913       120
          35      0.978     0.915     0.946       390
          36      0.899     0.967     0.932       120
          37      0.931     0.900     0.915        60
          38      0.991     0.981     0.986       690
          39      0.963     0.867     0.912        90
          40      0.962     0.833     0.893        90
          41      0.976     0.683     0.804        60
          42      0.859     0.811     0.834        90

    accuracy                          0.918     12630
   macro avg      0.912     0.889     0.891     12630
weighted avg      0.925     0.918     0.917     12630
