              precision    recall  f1-score   support

           0      0.850     0.850     0.850        60
           1      0.938     0.929     0.934       720
           2      0.874     0.947     0.909       750
           3      0.820     0.920     0.867       450
           4      0.947     0.944     0.945       660
           5      0.888     0.859     0.873       630
           6      0.934     0.753     0.834       150
           7      0.963     0.698     0.809       450
           8      0.729     0.898     0.805       450
           9      0.921     0.969     0.944       480
          10      0.997     0.982     0.989       660
          11      0.962     0.836     0.894       420
          12      0.984     0.971     0.977       690
          13      0.957     0.994     0.975       720
          14      0.980     0.926     0.952       270
          15      1.000     0.981     0.990       210
          16      0.980     0.980     0.980       150
          17      0.988     0.939     0.963       360
          18      0.990     0.754     0.856       390
          19      0.514     0.950     0.667        60
          20      0.816     0.933     0.870        90
          21      0.814     0.633     0.713        90
          22      0.901     0.758     0.824       120
          23      0.828     0.800     0.814       150
          24      0.779     0.900     0.835        90
          25      0.785     0.854     0.818       480
          26      0.878     0.839     0.858       180
          27      0.697     0.767     0.730        60
          28      0.532     0.953     0.683       150
          29      0.782     0.878     0.827        90
          30      0.757     0.540     0.630       150
          31      0.953     0.970     0.961       270
          32      0.952     1.000     0.976        60
          33      0.990     0.919     0.953       210
          34      0.971     0.833     0.897       120
          35      0.919     0.931     0.925       390
          36      0.916     1.000     0.956       120
          37      0.789     1.000     0.882        60
          38      0.989     0.948     0.968       690
          39      0.958     0.767     0.852        90
          40      0.655     0.867     0.746        90
          41      0.805     0.550     0.653        60
          42      0.887     0.700     0.783        90

    accuracy                          0.901     12630
   macro avg      0.874     0.870     0.864     12630
weighted avg      0.911     0.901     0.902     12630
