              precision    recall  f1-score   support

           0      0.941     0.800     0.865        60
           1      0.955     0.908     0.931       720
           2      0.833     0.976     0.899       750
           3      0.981     0.818     0.892       450
           4      0.974     0.976     0.975       660
           5      0.897     0.805     0.849       630
           6      1.000     0.760     0.864       150
           7      0.852     0.996     0.918       450
           8      0.789     0.964     0.868       450
           9      0.990     0.990     0.990       480
          10      0.992     0.998     0.995       660
          11      0.982     0.931     0.956       420
          12      0.997     0.978     0.988       690
          13      0.976     0.996     0.986       720
          14      1.000     0.748     0.856       270
          15      0.986     0.986     0.986       210
          16      1.000     0.993     0.997       150
          17      0.960     1.000     0.980       360
          18      0.986     0.882     0.931       390
          19      0.663     0.983     0.792        60
          20      0.926     0.967     0.946        90
          21      0.843     0.778     0.809        90
          22      0.969     0.783     0.866       120
          23      0.793     0.973     0.874       150
          24      0.900     0.900     0.900        90
          25      0.854     0.950     0.899       480
          26      0.944     0.850     0.895       180
          27      0.588     0.783     0.671        60
          28      0.825     0.940     0.879       150
          29      0.910     0.678     0.777        90
          30      0.895     0.627     0.737       150
          31      0.923     0.970     0.946       270
          32      0.909     1.000     0.952        60
          33      0.955     1.000     0.977       210
          34      0.833     1.000     0.909       120
          35      0.997     0.905     0.949       390
          36      0.937     0.992     0.964       120
          37      0.750     0.950     0.838        60
          38      0.998     0.922     0.959       690
          39      0.897     0.867     0.881        90
          40      0.950     0.844     0.894        90
          41      0.781     0.833     0.806        60
          42      0.922     0.922     0.922        90

    accuracy                          0.928     12630
   macro avg      0.908     0.905     0.902     12630
weighted avg      0.934     0.928     0.928     12630
