              precision    recall  f1-score   support

           0      0.933     0.700     0.800        60
           1      0.944     0.929     0.936       720
           2      0.881     0.956     0.917       750
           3      0.931     0.873     0.901       450
           4      0.944     0.962     0.953       660
           5      0.893     0.870     0.881       630
           6      0.985     0.880     0.930       150
           7      0.969     0.958     0.963       450
           8      0.865     0.942     0.902       450
           9      0.962     0.992     0.976       480
          10      0.998     0.994     0.996       660
          11      0.934     0.945     0.940       420
          12      0.990     0.988     0.989       690
          13      0.976     0.996     0.986       720
          14      0.988     0.915     0.950       270
          15      0.967     0.990     0.979       210
          16      1.000     1.000     1.000       150
          17      0.994     0.953     0.973       360
          18      0.990     0.751     0.854       390
          19      0.460     0.967     0.624        60
          20      0.918     0.867     0.891        90
          21      0.850     0.567     0.680        90
          22      0.950     0.792     0.864       120
          23      0.923     0.880     0.901       150
          24      0.912     0.922     0.917        90
          25      0.847     0.981     0.909       480
          26      0.951     0.861     0.904       180
          27      0.927     0.633     0.752        60
          28      0.699     0.960     0.809       150
          29      0.957     0.978     0.967        90
          30      0.852     0.500     0.630       150
          31      0.912     0.956     0.933       270
          32      0.714     1.000     0.833        60
          33      0.916     0.981     0.947       210
          34      0.811     1.000     0.896       120
          35      0.997     0.879     0.935       390
          36      0.937     0.983     0.959       120
          37      0.921     0.967     0.943        60
          38      0.977     0.980     0.978       690
          39      1.000     0.744     0.854        90
          40      0.857     0.867     0.862        90
          41      0.729     0.850     0.785        60
          42      0.964     0.889     0.925        90

    accuracy                          0.930     12630
   macro avg      0.910     0.898     0.896     12630
weighted avg      0.936     0.930     0.929     12630
