              precision    recall  f1-score   support

           0      0.907     0.650     0.757        60
           1      0.938     0.928     0.933       720
           2      0.915     0.941     0.928       750
           3      0.882     0.716     0.790       450
           4      0.932     0.939     0.936       660
           5      0.739     0.929     0.823       630
           6      0.986     0.927     0.955       150
           7      0.933     0.738     0.824       450
           8      0.736     0.929     0.821       450
           9      0.991     0.887     0.936       480
          10      0.991     0.985     0.988       660
          11      0.857     0.943     0.898       420
          12      0.987     0.981     0.984       690
          13      0.976     0.996     0.986       720
          14      0.952     0.889     0.920       270
          15      0.971     0.957     0.964       210
          16      0.866     0.993     0.925       150
          17      0.979     0.922     0.950       360
          18      0.954     0.697     0.806       390
          19      0.923     0.800     0.857        60
          20      0.610     0.522     0.563        90
          21      0.768     0.956     0.851        90
          22      0.948     0.767     0.848       120
          23      0.870     0.800     0.833       150
          24      1.000     0.656     0.792        90
          25      0.826     0.969     0.892       480
          26      0.640     0.950     0.765       180
          27      0.526     0.667     0.588        60
          28      0.746     0.920     0.824       150
          29      0.898     0.978     0.936        90
          30      0.796     0.493     0.609       150
          31      0.980     0.922     0.950       270
          32      1.000     1.000     1.000        60
          33      0.981     0.967     0.974       210
          34      0.967     0.992     0.979       120
          35      0.992     0.915     0.952       390
          36      0.961     0.825     0.888       120
          37      0.906     0.967     0.935        60
          38      0.967     0.936     0.951       690
          39      0.885     0.600     0.715        90
          40      0.630     0.889     0.737        90
          41      0.952     0.983     0.967        60
          42      0.988     0.944     0.966        90

    accuracy                          0.902     12630
   macro avg      0.890     0.869     0.872     12630
weighted avg      0.911     0.902     0.901     12630
