              precision    recall  f1-score   support

           0      0.784     0.667     0.721        60
           1      0.907     0.963     0.934       720
           2      0.910     0.979     0.943       750
           3      0.901     0.949     0.924       450
           4      0.950     0.945     0.948       660
           5      0.904     0.946     0.925       630
           6      0.979     0.933     0.956       150
           7      0.992     0.867     0.925       450
           8      0.959     0.931     0.945       450
           9      0.943     1.000     0.971       480
          10      0.997     0.992     0.995       660
          11      0.974     0.893     0.932       420
          12      0.986     1.000     0.993       690
          13      0.989     0.993     0.991       720
          14      0.927     0.941     0.934       270
          15      0.976     0.971     0.974       210
          16      0.898     1.000     0.946       150
          17      0.988     0.889     0.936       360
          18      0.982     0.705     0.821       390
          19      0.583     1.000     0.736        60
          20      0.568     0.922     0.703        90
          21      0.907     0.544     0.681        90
          22      0.829     0.808     0.819       120
          23      0.870     0.800     0.833       150
          24      0.850     0.756     0.800        90
          25      0.911     0.963     0.936       480
          26      0.683     0.911     0.781       180
          27      0.691     0.933     0.794        60
          28      0.941     0.953     0.947       150
          29      0.750     1.000     0.857        90
          30      0.820     0.700     0.755       150
          31      0.924     0.985     0.953       270
          32      0.984     1.000     0.992        60
          33      0.953     0.967     0.960       210
          34      0.863     1.000     0.927       120
          35      0.971     0.949     0.960       390
          36      0.991     0.917     0.952       120
          37      0.919     0.950     0.934        60
          38      0.998     0.910     0.952       690
          39      1.000     0.700     0.824        90
          40      0.987     0.867     0.923        90
          41      0.647     0.550     0.595        60
          42      0.919     0.756     0.829        90

    accuracy                          0.929     12630
   macro avg      0.896     0.893     0.887     12630
weighted avg      0.935     0.929     0.929     12630
