              precision    recall  f1-score   support

           0      0.829     0.483     0.611        60
           1      0.802     0.865     0.832       720
           2      0.778     0.853     0.814       750
           3      0.837     0.764     0.799       450
           4      0.961     0.897     0.928       660
           5      0.819     0.825     0.822       630
           6      0.980     0.980     0.980       150
           7      0.904     0.896     0.900       450
           8      0.820     0.851     0.835       450
           9      0.924     0.938     0.931       480
          10      0.989     0.991     0.990       660
          11      0.908     0.845     0.875       420
          12      0.993     0.996     0.994       690
          13      0.973     0.996     0.984       720
          14      0.992     0.900     0.944       270
          15      0.990     0.990     0.990       210
          16      1.000     0.980     0.990       150
          17      0.994     0.936     0.964       360
          18      0.953     0.882     0.916       390
          19      0.446     0.417     0.431        60
          20      0.765     0.578     0.658        90
          21      0.804     0.500     0.616        90
          22      0.736     0.742     0.739       120
          23      0.641     0.653     0.647       150
          24      0.960     0.800     0.873        90
          25      0.803     0.933     0.863       480
          26      0.859     0.917     0.887       180
          27      0.695     0.683     0.689        60
          28      0.739     0.813     0.775       150
          29      0.705     0.822     0.759        90
          30      0.791     0.453     0.576       150
          31      0.777     0.956     0.857       270
          32      0.952     0.983     0.967        60
          33      0.827     0.886     0.855       210
          34      0.809     0.883     0.845       120
          35      0.913     0.918     0.916       390
          36      0.892     0.967     0.928       120
          37      0.746     0.733     0.739        60
          38      0.979     0.965     0.972       690
          39      0.954     0.689     0.800        90
          40      0.762     0.856     0.806        90
          41      0.302     0.267     0.283        60
          42      0.724     0.611     0.663        90

    accuracy                          0.881     12630
   macro avg      0.838     0.811     0.820     12630
weighted avg      0.883     0.881     0.880     12630
