              precision    recall  f1-score   support

           0      0.867     0.867     0.867        60
           1      0.938     0.974     0.956       720
           2      0.961     0.964     0.963       750
           3      0.987     0.864     0.922       450
           4      0.975     0.956     0.966       660
           5      0.840     0.975     0.902       630
           6      0.973     0.967     0.970       150
           7      0.985     0.889     0.935       450
           8      0.957     0.898     0.927       450
           9      0.985     0.971     0.978       480
          10      0.973     0.995     0.984       660
          11      0.917     0.974     0.945       420
          12      0.993     0.991     0.992       690
          13      0.992     0.992     0.992       720
          14      0.963     0.952     0.957       270
          15      0.972     0.995     0.984       210
          16      0.993     1.000     0.997       150
          17      0.951     0.969     0.960       360
          18      0.996     0.685     0.812       390
          19      0.721     0.817     0.766        60
          20      0.773     0.944     0.850        90
          21      0.815     0.733     0.772        90
          22      0.876     0.708     0.783       120
          23      0.957     0.880     0.917       150
          24      0.830     0.978     0.898        90
          25      0.880     0.944     0.911       480
          26      0.735     0.861     0.793       180
          27      0.675     0.867     0.759        60
          28      0.966     0.947     0.956       150
          29      0.763     0.967     0.853        90
          30      0.649     0.887     0.749       150
          31      1.000     0.844     0.916       270
          32      0.952     0.983     0.967        60
          33      0.919     0.971     0.944       210
          34      0.984     1.000     0.992       120
          35      0.982     0.974     0.978       390
          36      0.966     0.942     0.954       120
          37      0.952     0.983     0.967        60
          38      0.986     0.929     0.957       690
          39      0.988     0.900     0.942        90
          40      0.844     0.900     0.871        90
          41      0.912     0.867     0.889        60
          42      0.907     0.978     0.941        90

    accuracy                          0.939     12630
   macro avg      0.913     0.923     0.915     12630
weighted avg      0.944     0.939     0.939     12630
