              precision    recall  f1-score   support

           0      0.861     0.517     0.646        60
           1      0.899     0.893     0.896       720
           2      0.860     0.895     0.877       750
           3      0.886     0.849     0.867       450
           4      0.917     0.942     0.930       660
           5      0.821     0.862     0.841       630
           6      0.969     0.847     0.904       150
           7      0.971     0.896     0.932       450
           8      0.777     0.882     0.826       450
           9      0.941     0.956     0.948       480
          10      0.992     0.989     0.991       660
          11      0.936     0.905     0.920       420
          12      0.990     0.994     0.992       690
          13      0.962     0.996     0.979       720
          14      1.000     0.911     0.953       270
          15      0.954     0.995     0.974       210
          16      0.993     0.987     0.990       150
          17      0.970     0.911     0.940       360
          18      0.976     0.833     0.899       390
          19      0.667     0.833     0.741        60
          20      0.870     0.744     0.802        90
          21      0.696     0.789     0.740        90
          22      0.898     0.808     0.851       120
          23      0.831     0.820     0.826       150
          24      0.941     0.889     0.914        90
          25      0.851     0.927     0.887       480
          26      0.888     0.883     0.886       180
          27      0.860     0.817     0.838        60
          28      0.701     0.873     0.777       150
          29      0.654     0.944     0.773        90
          30      0.937     0.493     0.646       150
          31      0.897     0.963     0.929       270
          32      1.000     0.967     0.983        60
          33      0.860     0.938     0.897       210
          34      0.773     0.825     0.798       120
          35      0.874     0.908     0.891       390
          36      0.929     0.975     0.951       120
          37      0.844     0.900     0.871        60
          38      1.000     0.948     0.973       690
          39      0.932     0.756     0.834        90
          40      0.812     0.867     0.839        90
          41      0.800     0.467     0.589        60
          42      0.899     0.889     0.894        90

    accuracy                          0.906     12630
   macro avg      0.886     0.867     0.871     12630
weighted avg      0.911     0.906     0.906     12630
