              precision    recall  f1-score   support

           0      0.780     0.533     0.634        60
           1      0.836     0.824     0.830       720
           2      0.720     0.919     0.807       750
           3      0.835     0.751     0.791       450
           4      0.864     0.915     0.889       660
           5      0.827     0.708     0.763       630
           6      0.914     0.993     0.952       150
           7      0.912     0.900     0.906       450
           8      0.868     0.816     0.841       450
           9      0.903     0.917     0.910       480
          10      0.988     0.985     0.986       660
          11      0.902     0.874     0.888       420
          12      0.997     0.990     0.993       690
          13      0.970     0.997     0.984       720
          14      0.988     0.896     0.940       270
          15      1.000     0.995     0.998       210
          16      1.000     0.987     0.993       150
          17      0.948     0.914     0.931       360
          18      0.946     0.815     0.876       390
          19      0.463     0.417     0.439        60
          20      0.725     0.644     0.682        90
          21      0.738     0.533     0.619        90
          22      0.848     0.742     0.791       120
          23      0.661     0.767     0.710       150
          24      0.831     0.767     0.798        90
          25      0.831     0.929     0.877       480
          26      0.776     0.906     0.836       180
          27      0.640     0.533     0.582        60
          28      0.781     0.760     0.770       150
          29      0.835     0.789     0.811        90
          30      0.752     0.727     0.739       150
          31      0.816     0.937     0.872       270
          32      1.000     0.983     0.992        60
          33      0.860     0.910     0.884       210
          34      0.815     0.917     0.863       120
          35      0.879     0.910     0.894       390
          36      0.897     0.875     0.886       120
          37      0.844     0.633     0.724        60
          38      0.982     0.974     0.978       690
          39      0.949     0.822     0.881        90
          40      0.846     0.856     0.851        90
          41      0.244     0.183     0.210        60
          42      0.797     0.567     0.662        90

    accuracy                          0.876     12630
   macro avg      0.837     0.809     0.820     12630
weighted avg      0.878     0.876     0.874     12630
