              precision    recall  f1-score   support

           0      1.000     0.667     0.800        60
           1      0.965     0.925     0.945       720
           2      0.882     0.951     0.915       750
           3      0.973     0.869     0.918       450
           4      0.983     0.936     0.959       660
           5      0.856     0.949     0.900       630
           6      1.000     0.873     0.932       150
           7      0.950     0.978     0.964       450
           8      0.867     0.898     0.882       450
           9      0.960     0.994     0.976       480
          10      1.000     0.994     0.997       660
          11      0.929     0.931     0.930       420
          12      0.994     0.971     0.982       690
          13      0.973     0.993     0.983       720
          14      0.988     0.941     0.964       270
          15      0.995     0.938     0.966       210
          16      1.000     1.000     1.000       150
          17      0.960     1.000     0.980       360
          18      0.927     0.877     0.901       390
          19      0.578     0.983     0.728        60
          20      0.752     0.978     0.850        90
          21      0.964     0.600     0.740        90
          22      0.934     0.825     0.876       120
          23      0.965     0.927     0.946       150
          24      0.963     0.878     0.919        90
          25      0.930     0.944     0.937       480
          26      0.914     0.889     0.901       180
          27      0.509     0.933     0.659        60
          28      0.687     0.993     0.812       150
          29      0.829     0.967     0.892        90
          30      0.899     0.533     0.669       150
          31      1.000     0.959     0.979       270
          32      1.000     0.900     0.947        60
          33      1.000     0.933     0.966       210
          34      0.975     0.992     0.983       120
          35      0.987     0.964     0.975       390
          36      0.975     0.983     0.979       120
          37      0.983     0.983     0.983        60
          38      0.987     0.962     0.974       690
          39      0.943     0.922     0.933        90
          40      0.966     0.933     0.949        90
          41      0.977     0.700     0.816        60
          42      0.938     1.000     0.968        90

    accuracy                          0.939     12630
   macro avg      0.927     0.916     0.913     12630
weighted avg      0.945     0.939     0.939     12630
