              precision    recall  f1-score   support

           0      1.000     0.517     0.681        60
           1      0.926     0.907     0.916       720
           2      0.789     0.924     0.851       750
           3      0.778     0.827     0.802       450
           4      0.958     0.906     0.931       660
           5      0.854     0.838     0.846       630
           6      1.000     0.893     0.944       150
           7      0.963     0.920     0.941       450
           8      0.848     0.896     0.871       450
           9      0.918     0.910     0.914       480
          10      0.994     0.983     0.989       660
          11      0.939     0.910     0.924       420
          12      0.999     0.975     0.987       690
          13      0.966     0.997     0.982       720
          14      0.992     0.952     0.972       270
          15      1.000     0.990     0.995       210
          16      1.000     0.987     0.993       150
          17      0.997     0.981     0.989       360
          18      0.977     0.767     0.859       390
          19      0.720     0.983     0.831        60
          20      0.856     0.856     0.856        90
          21      0.838     0.744     0.788        90
          22      0.988     0.667     0.796       120
          23      0.906     0.513     0.655       150
          24      0.693     0.978     0.811        90
          25      0.864     0.940     0.900       480
          26      0.904     0.944     0.924       180
          27      0.815     0.883     0.848        60
          28      0.699     0.900     0.787       150
          29      0.381     1.000     0.552        90
          30      0.765     0.500     0.605       150
          31      0.955     0.941     0.948       270
          32      1.000     0.967     0.983        60
          33      0.964     0.900     0.931       210
          34      0.983     0.975     0.979       120
          35      0.954     0.903     0.928       390
          36      0.838     0.992     0.908       120
          37      0.921     0.967     0.943        60
          38      0.994     0.945     0.969       690
          39      0.882     0.911     0.896        90
          40      0.816     0.889     0.851        90
          41      0.914     0.533     0.674        60
          42      0.977     0.944     0.960        90

    accuracy                          0.907     12630
   macro avg      0.896     0.880     0.877     12630
weighted avg      0.918     0.907     0.908     12630
