              precision    recall  f1-score   support

           0      0.964     0.900     0.931        60
           1      0.918     0.939     0.929       720
           2      0.855     0.961     0.905       750
           3      0.972     0.842     0.902       450
           4      0.913     0.976     0.944       660
           5      0.906     0.852     0.878       630
           6      0.976     0.827     0.895       150
           7      0.988     0.911     0.948       450
           8      0.921     0.962     0.941       450
           9      0.954     0.990     0.971       480
          10      0.998     0.988     0.993       660
          11      0.883     0.955     0.918       420
          12      0.990     0.997     0.994       690
          13      0.999     0.994     0.997       720
          14      1.000     0.922     0.960       270
          15      0.959     0.995     0.977       210
          16      0.955     1.000     0.977       150
          17      0.991     0.950     0.970       360
          18      0.966     0.882     0.922       390
          19      0.795     0.967     0.872        60
          20      0.950     0.633     0.760        90
          21      0.876     0.867     0.872        90
          22      0.949     0.783     0.858       120
          23      0.908     0.920     0.914       150
          24      0.978     0.967     0.972        90
          25      0.942     0.944     0.943       480
          26      0.795     0.950     0.866       180
          27      0.922     0.983     0.952        60
          28      0.954     0.973     0.964       150
          29      0.977     0.933     0.955        90
          30      0.888     0.900     0.894       150
          31      0.977     0.959     0.968       270
          32      0.984     1.000     0.992        60
          33      0.885     0.990     0.935       210
          34      0.937     0.992     0.964       120
          35      0.981     0.951     0.966       390
          36      0.975     0.967     0.971       120
          37      0.808     0.983     0.887        60
          38      0.992     0.951     0.971       690
          39      0.987     0.844     0.910        90
          40      0.794     0.900     0.844        90
          41      0.853     0.967     0.906        60
          42      0.973     0.800     0.878        90

    accuracy                          0.942     12630
   macro avg      0.935     0.930     0.929     12630
weighted avg      0.945     0.942     0.942     12630
