              precision    recall  f1-score   support

           0      0.979     0.783     0.870        60
           1      0.883     0.978     0.928       720
           2      0.922     0.884     0.903       750
           3      0.562     0.953     0.707       450
           4      0.995     0.889     0.939       660
           5      0.835     0.873     0.853       630
           6      0.942     0.860     0.899       150
           7      0.934     0.820     0.873       450
           8      0.988     0.756     0.856       450
           9      0.955     0.935     0.945       480
          10      0.989     0.992     0.991       660
          11      0.982     0.888     0.932       420
          12      0.964     0.984     0.974       690
          13      0.964     0.996     0.980       720
          14      0.944     0.881     0.912       270
          15      0.962     0.957     0.959       210
          16      1.000     0.927     0.962       150
          17      1.000     0.883     0.938       360
          18      0.988     0.654     0.787       390
          19      0.691     0.633     0.661        60
          20      0.542     0.856     0.664        90
          21      0.951     0.867     0.907        90
          22      1.000     0.700     0.824       120
          23      0.832     0.827     0.829       150
          24      0.955     0.944     0.950        90
          25      0.908     0.967     0.936       480
          26      0.607     0.961     0.744       180
          27      0.723     0.567     0.636        60
          28      0.745     0.953     0.836       150
          29      0.972     0.767     0.857        90
          30      0.760     0.760     0.760       150
          31      0.926     0.885     0.905       270
          32      0.983     0.983     0.983        60
          33      0.953     0.971     0.962       210
          34      0.960     1.000     0.980       120
          35      0.971     0.862     0.913       390
          36      0.936     0.975     0.955       120
          37      0.760     0.950     0.844        60
          38      0.970     0.941     0.955       690
          39      0.866     0.933     0.898        90
          40      0.822     0.822     0.822        90
          41      0.843     0.717     0.775        60
          42      0.986     0.811     0.890        90

    accuracy                          0.901     12630
   macro avg      0.894     0.873     0.877     12630
weighted avg      0.918     0.901     0.904     12630
