              precision    recall  f1-score   support

           0      0.982     0.933     0.957        60
           1      0.942     0.967     0.954       720
           2      0.948     0.963     0.955       750
           3      0.990     0.862     0.922       450
           4      0.964     0.970     0.967       660
           5      0.866     0.960     0.910       630
           6      1.000     0.820     0.901       150
           7      0.934     0.949     0.942       450
           8      0.969     0.896     0.931       450
           9      0.958     0.998     0.978       480
          10      0.995     1.000     0.998       660
          11      0.939     0.988     0.963       420
          12      0.997     0.990     0.993       690
          13      0.969     0.997     0.983       720
          14      0.978     0.985     0.982       270
          15      0.958     0.976     0.967       210
          16      0.980     1.000     0.990       150
          17      1.000     0.908     0.952       360
          18      0.980     0.872     0.923       390
          19      0.663     0.983     0.792        60
          20      0.846     0.978     0.907        90
          21      0.940     0.700     0.803        90
          22      0.991     0.925     0.957       120
          23      0.954     0.960     0.957       150
          24      0.732     1.000     0.845        90
          25      0.917     0.960     0.938       480
          26      0.948     0.906     0.926       180
          27      0.981     0.883     0.930        60
          28      0.765     0.953     0.849       150
          29      0.937     0.822     0.876        90
          30      0.978     0.587     0.733       150
          31      0.981     0.974     0.978       270
          32      0.968     1.000     0.984        60
          33      0.930     0.948     0.939       210
          34      0.502     1.000     0.669       120
          35      0.996     0.710     0.829       390
          36      0.895     0.992     0.941       120
          37      0.795     0.967     0.872        60
          38      0.992     0.946     0.969       690
          39      0.964     0.889     0.925        90
          40      1.000     0.889     0.941        90
          41      0.875     0.933     0.903        60
          42      0.957     1.000     0.978        90

    accuracy                          0.942     12630
   macro avg      0.927     0.929     0.921     12630
weighted avg      0.950     0.942     0.942     12630
